3 0.461441 0.521689 0.094368 0.221461
3 0.557331 0.523973 0.085236 0.235160
3 0.880010 0.542237 0.066971 0.180365
3 0.954592 0.543379 0.076104 0.191781
5 0.143328 0.522831 0.079148 0.205479
5 0.080923 0.286530 0.051750 0.162100
5 0.251395 0.288813 0.051750 0.157534
5 0.650178 0.521689 0.100457 0.235160
5 0.301623 0.538813 0.066971 0.178082
5 0.610604 0.291096 0.057839 0.166667
5 0.861745 0.293379 0.054795 0.166667
5 0.434044 0.288813 0.051750 0.157534
5 0.739980 0.549087 0.079148 0.184932
5 0.064181 0.520548 0.085236 0.210046