3 0.214865 0.506849 0.112633 0.237443
3 0.319888 0.513699 0.097412 0.232877
3 0.627346 0.520548 0.066971 0.173516
3 0.701928 0.521689 0.076104 0.184932
5 0.412735 0.502283 0.088280 0.237443
5 0.179858 0.268265 0.054795 0.166667
5 0.117453 0.265982 0.070015 0.166667
5 0.545155 0.283105 0.054795 0.159817
5 0.493404 0.529680 0.073059 0.182648
5 0.424911 0.281963 0.063927 0.171233
5 0.712582 0.280822 0.048706 0.168950
5 0.038305 0.539954 0.076104 0.194064
5 0.115931 0.533105 0.073059 0.189498
5 0.042872 0.268265 0.066971 0.166667