3 0.581906 0.776256 0.068493 0.328767
3 0.652968 0.779680 0.066781 0.326484
3 0.723173 0.780822 0.066781 0.324201
3 0.792523 0.777397 0.065068 0.326484
3 0.861016 0.777397 0.068493 0.321918
4 0.202626 0.152968 0.053082 0.223744
4 0.259132 0.151826 0.059932 0.221461
4 0.311358 0.155251 0.044521 0.219178
4 0.171804 0.418950 0.056507 0.239726
4 0.293379 0.425799 0.053082 0.244292
4 0.236872 0.423516 0.059932 0.244292
4 0.165810 0.767123 0.065068 0.337900
4 0.090468 0.771689 0.071918 0.337900
4 0.230023 0.769406 0.066781 0.333333
4 0.093893 0.149543 0.051370 0.207763
4 0.033105 0.138128 0.056507 0.207763
4 0.052797 0.415525 0.051370 0.246575
4 0.026256 0.769406 0.049658 0.351598