3 0.378139 0.426941 0.044521 0.196347
3 0.423516 0.424658 0.042808 0.191781
3 0.580194 0.445205 0.034247 0.155251
3 0.612728 0.442922 0.027397 0.155251
5 0.143550 0.423516 0.047945 0.198630
5 0.098173 0.422374 0.042808 0.187215
5 0.438071 0.226027 0.027397 0.136986
5 0.224030 0.436073 0.037671 0.173516
5 0.190639 0.226027 0.032534 0.132420
5 0.297660 0.445205 0.034247 0.159817
5 0.328482 0.228311 0.034247 0.141553
5 0.470605 0.423516 0.044521 0.194064
5 0.497146 0.228311 0.025685 0.136986
5 0.545091 0.446347 0.039384 0.166667
5 0.586187 0.220320 0.029110 0.134703