4 0.179858 0.111872 0.091324 0.210046
4 0.096144 0.115297 0.076104 0.198630
4 0.164637 0.365297 0.091324 0.219178
4 0.074835 0.367580 0.088280 0.214612
4 0.093100 0.679224 0.106545 0.289954
3 0.621258 0.103881 0.085236 0.203196
3 0.602993 0.367580 0.079148 0.214612
3 0.644089 0.674658 0.112633 0.294521
3 0.764333 0.678082 0.115677 0.296804
3 0.691273 0.369863 0.091324 0.219178
3 0.785642 0.369863 0.097412 0.219178
3 0.878488 0.365297 0.088280 0.219178
3 0.963724 0.365297 0.070015 0.223744
3 0.712582 0.106164 0.103501 0.203196
3 0.806951 0.105023 0.091324 0.210046
3 0.904363 0.105023 0.091324 0.200913
3 0.881532 0.680365 0.106545 0.296804
3 0.968290 0.678082 0.060883 0.296804