2 0.965246 0.071918 0.054795 0.143836
2 0.931760 0.238584 0.042618 0.134703
2 0.959158 0.423516 0.054795 0.166667
2 0.975900 0.240868 0.045662 0.130137
4 0.045916 0.073059 0.048706 0.146118
4 0.103754 0.073059 0.048706 0.136986
4 0.161593 0.073059 0.054795 0.146118
4 0.278792 0.073059 0.051750 0.136986
4 0.341197 0.077626 0.060883 0.150685
4 0.045916 0.246575 0.042618 0.136986
4 0.099188 0.248858 0.063927 0.141553
4 0.163115 0.245434 0.063927 0.139269
4 0.223998 0.240868 0.063927 0.134703
4 0.281837 0.243151 0.057839 0.139269
4 0.336631 0.242009 0.057839 0.146119
4 0.103754 0.432648 0.060883 0.166667
4 0.172248 0.436073 0.070015 0.173516
4 0.236174 0.431507 0.070015 0.173516
4 0.301623 0.430365 0.066971 0.175799