2 0.973491 0.235160 0.053018 0.141553
4 0.188990 0.232877 0.054795 0.159817
4 0.255961 0.230594 0.060883 0.159817
4 0.316844 0.234018 0.060883 0.157534
4 0.055048 0.235160 0.060883 0.150685
4 0.125063 0.221461 0.060883 0.159817
4 0.055048 0.446347 0.060883 0.184932
4 0.131152 0.441781 0.079148 0.184932
4 0.281837 0.441781 0.070015 0.184932
3 0.641045 0.438356 0.070015 0.178082
3 0.715627 0.439498 0.073059 0.184932
3 0.793252 0.437215 0.070015 0.180365
3 0.864789 0.433790 0.073059 0.182648
3 0.741502 0.231735 0.057839 0.148402
3 0.803907 0.232877 0.060883 0.150685
3 0.933283 0.434932 0.070015 0.175799