4 0.696816 0.146119 0.119468 0.251142
4 0.825474 0.135845 0.110278 0.244292
4 0.940347 0.133562 0.110278 0.244292
4 0.905885 0.434932 0.133253 0.226027
4 0.614107 0.438356 0.128658 0.228311
4 0.873721 0.793379 0.160822 0.276256
4 0.689924 0.787671 0.170012 0.273973
5 0.140830 0.787671 0.183797 0.278539
5 0.326924 0.785388 0.151633 0.283105
5 0.494639 0.787671 0.174607 0.278539
5 0.198266 0.440639 0.133253 0.223744
5 0.331519 0.439498 0.142443 0.230594
5 0.205159 0.147260 0.119468 0.221461
5 0.448690 0.146119 0.119468 0.228311
5 0.083393 0.148402 0.124063 0.219178
5 0.061225 0.441781 0.122450 0.226027