3 0.578482 0.426941 0.061644 0.278539
3 0.640982 0.428082 0.059932 0.280822
3 0.708619 0.428082 0.068493 0.280822
3 0.774543 0.429224 0.059932 0.283105
3 0.841324 0.426941 0.070205 0.278539
3 0.907249 0.433790 0.058219 0.278539
3 0.611872 0.821918 0.087329 0.356164
3 0.700057 0.817352 0.085616 0.365296
3 0.783961 0.817352 0.082192 0.351598
3 0.869578 0.818493 0.089041 0.358447
3 0.956050 0.819635 0.080479 0.360730
3 0.587043 0.113014 0.065068 0.226027
3 0.654680 0.111872 0.070205 0.223744
3 0.718893 0.111872 0.061644 0.223744
3 0.783961 0.116438 0.068493 0.232876
3 0.849030 0.118721 0.061644 0.237442
3 0.905536 0.118721 0.054795 0.228311