4 0.059614 0.109589 0.088280 0.210046
4 0.153983 0.107306 0.094368 0.214612
4 0.243785 0.109589 0.085236 0.219178
4 0.042745 0.363014 0.085490 0.214612
4 0.134196 0.364155 0.097412 0.221461
4 0.225520 0.367580 0.079148 0.214612
4 0.140284 0.687215 0.109589 0.310502
3 0.706494 0.675799 0.109589 0.283105
3 0.814561 0.678082 0.100457 0.296804
3 0.925672 0.678082 0.109589 0.292237
3 0.845002 0.135845 0.063927 0.184932
3 0.928716 0.142694 0.079148 0.184932
3 0.666920 0.369863 0.079148 0.200913
3 0.825216 0.376712 0.079148 0.205479
3 0.915018 0.377854 0.088280 0.203196
3 0.683663 0.128995 0.088280 0.189498
3 0.767377 0.125571 0.060883 0.205479
3 0.747590 0.380137 0.063927 0.203196