4 0.288976 0.078516 0.050000 0.144531
4 0.346788 0.080469 0.053125 0.143750
4 0.404601 0.080859 0.052083 0.146094
4 0.280642 0.248438 0.050000 0.142187
4 0.335851 0.250781 0.056250 0.139063
4 0.389497 0.252344 0.051042 0.139063
4 0.233247 0.075781 0.055208 0.145313
4 0.172830 0.073438 0.059375 0.145313
5 0.515017 0.092188 0.045833 0.143750
3 0.679080 0.098437 0.046875 0.143750
3 0.728559 0.101563 0.054167 0.139063
3 0.656684 0.262891 0.043750 0.135156
3 0.704601 0.263672 0.052083 0.133594
3 0.668663 0.442318 0.061458 0.164844
3 0.732726 0.444661 0.066667 0.167969
3 0.796962 0.444661 0.060417 0.164844